0.600000 0.505343 0.000000 47.000000 85.000000
 115.000000 101.000000 114.000000 115.000000 47.000000
 106.000000 97.000000 109.000000 97.000000 110.000000
 47.000000 67.000000 121.000000 108.000000 105.000000
 110.000000 100.000000 101.000000 114.000000 70.000000
 111.000000 114.000000 74.000000 97.000000 109.000000
 97.000000 110.000000 32.000000 50.000000 0.002361
 0.800000 0.513574 0.000000 47.000000 85.000000
 115.000000 101.000000 114.000000 115.000000 47.000000
 106.000000 97.000000 109.000000 97.000000 110.000000
 47.000000 67.000000 121.000000 108.000000 105.000000
 110.000000 100.000000 101.000000 114.000000 70.000000
 111.000000 114.000000 74.000000 97.000000 109.000000
 97.000000 110.000000 32.000000 50.000000 -0.107331
 1.000000 0.522372 0.000000 47.000000 85.000000
 115.000000 101.000000 114.000000 115.000000 47.000000
 106.000000 97.000000 109.000000 97.000000 110.000000
 47.000000 67.000000 121.000000 108.000000 105.000000
 110.000000 100.000000 101.000000 114.000000 70.000000
 111.000000 114.000000 74.000000 97.000000 109.000000
 97.000000 110.000000 32.000000 50.000000 -0.202332
 